0 0 0 0 0 0 0 0 0 0 0 0 0 0 0 0 0 0 0 0 0 0 0 0 
0 0 0 0 0 0.01261467673 0 0 0 0 0 0 0 0 0 0 0.01261467673 0 0 0 0 0 0 0 
0 0 0 0 0 0.1009174287 0 0 0 0 0 0 0 0 0 0 0.1009174287 0 0 0 0 0 0 0 
0 0 0.1009174287 0 0 1 0 0 0 0 0 0 0 0.1009174287 0 0 1 0 0 0 0 0 0 0 
0 0 0 0 0 0.1009174287 0 0 0 0 0 0 0 0 0 0 0.1009174287 0 0 0 0 0 0 0 
0 0 0 0 0 0.1009908244 0 0 0 0 0 0 0 0 0 0 0.1010642201 0 0 0 0 0 0 0 
0 0 0 0 0 0.1015045866 0 0 0 0 0 0 0 0 0 0 0.1020917371 0 0 0 0 0 0 0 
0 0 0 0 0 0.102899082 0 0 0 0 0 0 0 0 0 0 0.1048807278 0 0 0 0 0 0 0 
0 0 0 0 0 0.1056146771 0 0 0 0 0 0 0 0 0 0 0.1103119254 0 0 0 0 0 0 0 
0 0 0 0 0 0.1100917459 0 0 0 0 0 0 0 0 0 0 0.1192660555 0 0 0 0 0 0 0 
0 0 0.1009174287 0 0 1 0 0 0 0 0 0 0 0.1009174287 0 0 1 0 0 0 0 0 0 0 
0 0 0 0 0 0.1100917459 0 0 0 0 0 0 0 0 0 0 0.1192660555 0 0 0 0 0 0 0 
0 0 0 0 0 0.01376148127 0 0 0 0 0 0 0 0 0 0 0.01490827464 0 0 0 0 0 0 0 
0 0 0 0 0 0 0 0 0 0 0 0 0 0 0 0 0 0 0 0 0 0 0 0 
0 0 0 0 0 0 0 0 0 0 0 0.09350443631 0 0.0002791908046 0 0 6.263686373e-006 0 0 0 0 0 0.07875216752 0 
0 0 0 0 0 0 0 0 0 0 0 0.3164769709 0 0.001114653074 0 0 5.010980749e-005 0 0 0 0 0 0.2689173818 0 
0.05343191326 0 0 0 0 0 0 0 0 0 0 0.5826055408 0 0.002503219293 0 0 0.0001691209618 0 0 0 0 0 0.5013578534 0 
0.1721032113 0 0 0 0 0 0 0 0 0 0 0.8055778742 0 0.004441719037 0 0 0.0004008793039 0 0 0 0 0 0.7069357038 0 
0.2935779691 0 0 0 0.002574801911 0 0.004561077803 0.004561077803 0 0 0 0.8990825415 0 0.006926989648 0 0.002427670173 0.000782968069 0.004119683057 0.004046117421 0 0 0 0.8165137768 0 
0.4132844806 0 0 0 0.00992469117 0 0.01758088171 0.01758088171 0 0 0 0.8990825415 0 0.009955861606 0 0.009357565083 0.001352969557 0.01587950438 0.01559594274 0 0 0 0.8504037261 0 
0.5511375666 0 0 0 0.02148787305 0 0.03806423023 0.03806423023 0 0 0 0.8990825415 0 0.01352516189 0 0.02025999315 0.002148465021 0.03438059613 0.03376665711 0 0 0 0.8759307265 0 
0.6814312339 0 0 0 0.0367026031 0 0.06501604617 0.06501604617 0 0 0 0.8990825415 0 0.01763173379 0 0.03460531309 0.003207039554 0.05872416496 0.05767552182 0 0 0 0.8944770694 0 
0.7784587741 0 0 0 0.05500710011 0 0.09744115174 0.09744115174 0 0 0 0.8990825415 0 0.02227240242 0 0.05186383426 0.004566274583 0.08801135421 0.08643972874 0 0 0 0.9074251056 0 
0.8165137768 0 0 0 0.0758395493 0 0.1343443543 0.1343443543 0 0 0 0.8990825415 0 0.0274439957 0 0.07150585949 0.006263749674 0.1213432774 0.1191764399 0 0 0 0.9161570072 0 
0.8050642014 0 0 0 0.09863823652 0 0.1747305989 0.1747305989 0 0 0 0.8990825415 0 0.03314336017 0 0.09300176799 0.008337052539 0.1578211784 0.1550029516 0 0 0 0.9220550656 0 
0.777761519 0 0 0 0.1228413358 0 0.217604652 0.217604652 0 0 0 0.8990825415 0 0.0393673107 0 0.1158218235 0.01082376018 0.1965461224 0.1930363774 0 0 0 0.9265015721 0 
0.7451742887 0 0 0 0.1478871554 0 0.2619715333 0.2619715333 0 0 0 0.8990825415 0 0.04611270875 0 0.1394364536 0.01376146637 0.2366194427 0.2323941141 0 0 0 0.9308787584 0 
0.7178715467 0 0 0 0.1732137948 0 0.3068358898 0.3068358898 0 0 0 0.8990825415 0 0.05337634683 0 0.1633158624 0.01718773693 0.2771420777 0.2721931338 0 0 0 0.9365688562 0 
0.7064220309 0 0 0 0.1982595474 0 0.351202637 0.351202637 0 0 0 0.8990825415 0 0.06115507707 0 0.1869304329 0.02114016004 0.3172152638 0.3115507364 0 0 0 0.9449541569 0 
0.7129247189 0 0 0 0.2224627137 0 0.3940768242 0.3940768242 0 0 0 0.8990825415 0 0.06944575906 0 0.209750548 0.02565633692 0.3559403419 0.3495842814 0 0 0 0.955123961 0 
0.7291813493 0 0 0 0.2452613711 0 0.4344630241 0.4344630241 0 0 0 0.8990825415 0 0.07824517041 0 0.2312464267 0.03077381849 0.3924181759 0.3854107261 0 0 0 0.9650229812 0 
0.7503149509 0 0 0 0.2660938203 0 0.4713662267 0.4713662267 0 0 0 0.8990825415 0 0.08755017072 0 0.250888437 0.03653020412 0.4257501066 0.4181474447 0 0 0 0.9743167162 0 
0.7714486718 0 0 0 0.2843983471 0 0.5037913322 0.5037913322 0 0 0 0.8990825415 0 0.09735762328 0 0.2681469917 0.04296309128 0.4550373256 0.4469116926 0 0 0 0.982670784 0 
0.7877052426 0 0 0 0.2996130586 0 0.5307431221 0.5307431221 0 0 0 0.8990825415 0 0.107664302 0 0.28249228 0.05011002719 0.4793808758 0.4708205163 0 0 0 0.9897505641 0 
0.7942079306 0 0 0 0.3111762404 0 0.5512264967 0.5512264967 0 0 0 0.8990825415 0 0.1184670702 0 0.2933947146 0.05800861493 0.4978819489 0.4889912307 0 0 0 0.995221734 0 
0.7230526805 0 0 0 0.318526119 0 0.5642462969 0.5642462969 0 0 0 0.6911210418 0 0.1297627836 0 0.3003246188 0.06669645756 0.5096417665 0.500541091 0 0 0 0.9987496734 0 
0.5871559381 0 0 0 0.3211009204 0 0.5688073635 0.5688073635 0 0 0 0.3944953978 0 0.1415482312 0 0.3027522862 0.07621109486 0.5137614608 0.5045871735 0 0 0 1 0 
0.4299362302 0.05142135918 0.03024119884 0 0.2378526628 0.02525762841 0.5493009686 0.5493009686 0 0 0 0.2134055644 0 0.1538202465 0 0.2242610753 0.08659012616 0.4961427748 0.3737684786 0 0 0 0.7407411933 0 
0.2611792386 0.1680825651 0.09514107555 0 0.08324825019 0.09332888573 0.4970236421 0.4970236421 0 0 0 0.06286976486 0 0.1665757298 0 0.07849120349 0.09787116945 0.4489245713 0.1308186799 0 0 0 0.2592588365 0 
0.1467889845 0.2935779691 0.1559633017 0 0 0.1926605552 0.4213387966 0.4213387966 0 0 0 0 0 0.1798114181 0 0 0.1100917459 0.380564034 0 0 0 0 0 0 
0.0906105265 0.423065871 0.2068466991 0 0 0.3296238184 0.3316093087 0.3316093087 0 0 0 0 0.04349295422 0.2077896893 0 0 0.1848322153 0.2995180786 0 0 0 0 0 0.04349295422 
0.05074183643 0.5754899979 0.2633367777 0 0 0.5007363558 0.2371980399 0.2371980399 0 0 0 0 0.1522257328 0.2569619715 0 0 0.3521003425 0.2142433822 0 0 0 0 0 0.1522257328 
0.02446482889 0.7301223278 0.3188073337 0 0 0.6796635985 0.1474685818 0.1474685818 0 0 0 0 0.2935779691 0.315608114 0 0 0.5645730495 0.1331974119 0 0 0 0 0 0.2935779691 
0.009061058052 0.8662361503 0.3666326404 0 0 0.8400723338 0.07178370655 0.07178370655 0 0 0 0 0.4349302053 0.3720085025 0 0 0.7749285698 0.06483689696 0 0 0 0 0 0.4349302053 
0.001812205417 0.9631046057 0.4001868963 0 0 0.9556292295 0.01950638928 0.01950638928 0 0 0 0 0.5436629653 0.4144433737 0 0 0.9358452559 0.01761867292 0 0 0 0 0 0.5436629653 
0 1 0.412844032 0 0 1 0 0 0 0 0 0 0.5871559381 0.4311926663 0 0 1 0 0 0 0 0 0 0.5871559381 
0.006581034977 0.9934434295 0.395449549 0 0.03625684232 1 0 0 0 0 0 0.01028922759 0.5732354522 0.4111804664 0 0.03181123734 1 0 0 0 0 0 0.01065025199 0.5836085677 
0.02561472915 0.9740917087 0.3518531024 0 0.1227157637 1 0 0 0 0 0 0.03873601928 0.5376879573 0.3612475991 0 0.107911028 1 0 0 0 0 0 0.04009517655 0.5728439689 
0.05603674799 0.9424219728 0.2949357033 0 0.2259083688 1 0 0 0 0 0 0.08170872182 0.4898347855 0.2965503633 0 0.1992976069 1 0 0 0 0 0 0.08457568288 0.5546788573 
0.09678304195 0.8989111185 0.237577796 0 0.3123672009 1 0 0 0 0 0 0.1355760545 0.4389967322 0.232244432 0 0.2769700587 1 0 0 0 0 0 0.1403331012 0.5289295316 
0.1467889845 0.8440366983 0.1926605552 0 0.348623842 1 0 0 0 0 0 0.1967060566 0.3944953978 0.1834862381 0 0.3119266033 1 0 0 0 0 0 0.2036080062 0.4954128563 
0.2146201879 0.7681545615 0.1567121595 0 0.3470992446 0.9522292614 0.03150837868 0.03150837868 0 0 0 0.2614679039 0.3516729474 0.1469226629 0 0.3153235018 0.9522292614 0.02845917828 0.02795097977 0 0 0 0.2706421912 0.4480701089 
0.302213192 0.6696397066 0.1193595454 0 0.3431673944 0.8290309906 0.1127668023 0.1127668023 0 0 0 0.3262297511 0.3027431965 0.1104437858 0 0.3177575171 0.8290309906 0.1018538773 0.1000350639 0 0 0 0.3376763761 0.3862525821 
0.3985609114 0.5609971881 0.08313052356 0 0.3377912045 0.6605773568 0.2238745242 0.2238745242 0 0 0 0.3873597383 0.2523337305 0.0760692358 0 0.3193891048 0.6605773568 0.2022092342 0.19859837 0 0 0 0.4009512663 0.3178912997 
0.4926579595 0.4547301531 0.05055230111 0 0.331933558 0.4770373404 0.3449328542 0.3449328542 0 0 0 0.4412270784 0.2050712258 0.04581803456 0 0.3203787506 0.4770373404 0.3115522265 0.3059888184 0 0 0 0.4567086995 0.250916034 
0.5734971762 0.3633435667 0.02415272221 0 0.3265573382 0.3085828424 0.4560411274 0.4560411274 0 0 0 0.4841998816 0.1655833125 0.02170980908 0 0.3208869398 0.3085828424 0.4119080901 0.4045526087 0 0 0 0.5011892915 0.1932577789 
0.6300718784 0.2993420959 0.006459483877 0 0.3226255178 0.1853854507 0.5372989774 0.5372989774 0 0 0 0.5126464963 0.1384973675 0.005764052272 0 0.3210741878 0.1853854507 0.4853022695 0.4766362011 0 0 0 0.5306340456 0.15284729 
0.6513761282 0.2752293646 0 0 0.3211009204 0.1376146823 0.5688073635 0.5688073635 0 0 0 0.5229358077 0.1284403652 0 0 0.3211009204 0.1376146823 0.5137614608 0.5045871735 0 0 0 0.5412843823 0.1376146823 
0.6513761282 0.2752293646 0.006491027772 0 0.3211009204 0.1376146823 0.5688073635 0.5688073635 0 0 0 0.5229358077 0.1284403652 0 0.002884901129 0.3211009204 0.1376146823 0.5137614608 0.5045871735 0 0 0 0.5412843823 0.1376146823 
0.6513761282 0.2752293646 0.02483509853 0 0.3211009204 0.1376146823 0.5688073635 0.5688073635 0 0 0 0.5229358077 0.1284403652 0 0.01103782095 0.3211009204 0.1376146823 0.5137614608 0.5045871735 0 0 0 0.5412843823 0.1376146823 
0.6513761282 0.2752293646 0.05333911628 0 0.3211009204 0.1376146823 0.5688073635 0.5688073635 0 0 0 0.5229358077 0.1284403652 0 0.02370627224 0.3211009204 0.1376146823 0.5137614608 0.5045871735 0 0 0 0.5412843823 0.1376146823 
0.6513761282 0.2752293646 0.09030969441 0 0.3211009204 0.1376146823 0.5688073635 0.5688073635 0 0 0 0.5229358077 0.1284403652 0 0.04013764113 0.3211009204 0.1376146823 0.5137614608 0.5045871735 0 0 0 0.5412843823 0.1376146823 
0.6513761282 0.2752293646 0.1340532452 0 0.3211009204 0.1376146823 0.5688073635 0.5688073635 0 0 0 0.5229358077 0.1284403652 0 0.05957921967 0.3211009204 0.1376146823 0.5137614608 0.5045871735 0 0 0 0.5412843823 0.1376146823 
0.6513761282 0.2752293646 0.1828769743 0 0.3211009204 0.1376146823 0.5688073635 0.5688073635 0 0 0 0.5229358077 0.1284403652 0 0.08127865195 0.3211009204 0.1376146823 0.5137614608 0.5045871735 0 0 0 0.5412843823 0.1376146823 
0.6513761282 0.2752293646 0.2350873202 0 0.3211009204 0.1376146823 0.5688073635 0.5688073635 0 0 0 0.5229358077 0.1284403652 0 0.1044832543 0.3211009204 0.1376146823 0.5137614608 0.5045871735 0 0 0 0.5412843823 0.1376146823 
0.6513761282 0.2752293646 0.2889906764 0 0.3211009204 0.1376146823 0.5688073635 0.5688073635 0 0 0 0.5229358077 0.1284403652 0 0.1284402907 0.3211009204 0.1376146823 0.5137614608 0.5045871735 0 0 0 0.5412843823 0.1376146823 
0.6513761282 0.2752293646 0.3428943157 0 0.3211009204 0.1376146823 0.5688073635 0.5688073635 0 0 0 0.5229358077 0.1284403652 0 0.1523974836 0.3211009204 0.1376146823 0.5137614608 0.5045871735 0 0 0 0.5412843823 0.1376146823 
0.6206434369 0.2751283646 0.3951046765 0 0.3144943118 0.1853854507 0.5372989774 0.5372989774 0 0 0 0.4939684272 0.1396207511 0 0.1756020784 0.3180517256 0.1299916953 0.4853022695 0.495439589 0 0 0 0.5666943789 0.1299916953 
0.5406962037 0.274829179 0.4439281523 0 0.2974563837 0.3085828424 0.4560411274 0.4560411274 0 0 0 0.4192636311 0.1684541851 0 0.1973013878 0.310188055 0.1103325337 0.4119080901 0.4718485773 0 0 0 0.6322249174 0.1103325337 
0.4299088717 0.2743374109 0.4876719713 0 0.2741594911 0.4770373404 0.3449328542 0.3449328542 0 0 0 0.3171156943 0.2078797072 0 0.2167430967 0.2994356453 0.08345149457 0.3115522265 0.4395913482 0 0 0 0.7218283415 0.08345149457 
0.3066572845 0.2736587822 0.5246425271 0 0.2487762868 0.6605773568 0.2238745242 0.2238745242 0 0 0 0.2058201283 0.2508358955 0 0.2331744581 0.2877203226 0.05416318774 0.2022092342 0.40444538 0 0 0 0.8194560409 0.05416318774 
0.1893174946 0.2727989256 0.5531464219 0 0.2254795134 0.8290309906 0.1127668023 0.1127668023 0 0 0 0.1036727056 0.290261209 0 0.2458428442 0.2769679725 0.02728229016 0.1018538773 0.3721882999 0 0 0 0.9090590477 0.02728229016 
0.09626353532 0.2717635036 0.5714906454 0 0.2084414512 0.9522292614 0.03150837868 0.03150837868 0 0 0 0.02896737866 0.3190948367 0 0.2539958358 0.2691042423 0.007622994483 0.02845917828 0.3485971391 0 0 0 0.9745900035 0.007622994483 
0.04587155953 0.2705582082 0.5779816508 0 0.2018348575 1 0 0 0 0 0 0 0.3302752376 0 0.2568807304 0.2660550475 0 0 0.3394495547 0 0 0 1 0 
0.02654610202 0.2691886723 0.5779816508 0 0.2018348575 1 0.0005067083403 0.0002763863886 0 0 0 0.004487178754 0.3302752376 0 0.2568807304 0.2660550475 0 0 0.3394495547 0 0 0 1 0 
0.0135915922 0.2676605582 0.5779816508 0 0.2018348575 1 0.00199415395 0.001087720389 0 0 0 0.01679082774 0.3302752376 0 0.2568807304 0.2660550475 0 0 0.3394495547 0 0 0 1 0 
0.005733944476 0.2659795284 0.5779816508 0 0.2018348575 1 0.004413299728 0.002407254651 0 0 0 0.03517395258 0.3302752376 0 0.2568807304 0.2660550475 0 0 0.3394495547 0 0 0 1 0 
0.001698956126 0.264151305 0.5779816508 0 0.2018348575 1 0.00771508785 0.004208229948 0 0 0 0.05789941549 0.3302752376 0 0.2568807304 0.2660550475 0 0 0.3394495547 0 0 0 1 0 
0.0002123694721 0.2621814609 0.5779816508 0 0.2018348575 1 0.01185051817 0.006463919301 0 0 0 0.083230488 0.3302752376 0 0.2568807304 0.2660550475 0 0 0.3394495547 0 0 0 1 0 
0 0.2600756884 0.5779816508 0 0.2018348575 1 0.01677053981 0.009147567675 0 0 0 0.1094300672 0.3302752376 0 0.2568807304 0.2660550475 0 0 0.3394495547 0 0 0 1 0 
0.003722304478 0.2578397095 0.5178719163 0 0.2019082457 0.8960006833 0.0224260781 0.012232407 0 0 0 0.1347610056 0.2959268391 0 0.2301653028 0.2574679554 0 0 0.3041470349 0 0 0 0.9436648488 0 
0.01340631396 0.2554790974 0.3745323122 0 0.2024220079 0.6480002999 0.02876816317 0.01569172554 0 0 0 0.1574866027 0.2140184641 0 0.1664588004 0.2369908541 0 0 0.2199634165 0 0 0 0.8005349636 0 
0.02682753094 0.2529995739 0.2034493536 0 0.2038165182 0.3519996703 0.03574772924 0.01949876174 0 0 0 0.1758697331 0.1162567735 0 0.09042192996 0.2125504315 0 0 0.1194861308 0 0 0 0.6094257236 0 
0.04176137224 0.2504068017 0.06011034548 0 0.2065321058 0.1040004417 0.04331569001 0.02362674102 0 0 0 0.1881733239 0.03434877098 0 0.0267157089 0.1920734346 0 0 0.0353029035 0 0 0 0.4091538191 0 
0.05598352104 0.2477064282 0 0 0.2110091746 0 0.05142309889 0.02804896422 0 0 0 0.1926605552 0 0 0 0.1834862381 0 0 0 0 0 0 0.238532111 0 
0.06726939976 0.2332568318 0 0 0.2461972535 0 0.06002087519 0.03273865953 0 0 0 0.09632986784 0 0 0 0.2359428108 0 0 0.0004764095647 0 0 0 0.08355137706 0 
0.07339449227 0.2201834917 0 0 0.2844036818 0 0.06905993074 0.03766905516 0 0 0 0 0 0 0 0.2935779691 0 0 0.001863745623 0 0 0 0 0 
0.07610368729 0.220822975 0 0 0.2961544991 0 0.07849133015 0.04281345755 0 0 0.002462015953 0 0.0008313300204 0 0 0.3039694428 0 0.001023175428 0.004099200945 0 0 0.002462015953 0 0.0008952784701 
0.07862903923 0.2226812392 0 0 0.3082848191 0 0.0882659927 0.0481450893 0 0 0.009616344236 0 0.003247077111 0 0 0.3144077361 0 0.003996402491 0.007119946647 0 0 0.009616344236 0 0.003496852238 
0.08097699285 0.2256679982 0 0 0.3207369149 0 0.09833481163 0.05363717303 0 0 0.02111532725 0 0.007129850797 0 0 0.324862808 0 0.008775200695 0.0108631365 0 0 0.02111532725 0 0.007678300608 
0.08315403759 0.2296929806 0 0 0.333453387 0 0.1086488813 0.0592630282 0 0 0.03661151975 0 0.01236233115 0 0 0.3353048861 0 0.01521517616 0.01526598912 0 0 0.03661151975 0 0.01331327949 
0.08516661823 0.2346659005 0 0 0.3463765383 0 0.1191590875 0.06499586999 0 0 0.05575728789 0 0.01882713661 0 0 0.3457040191 0 0.02317185886 0.02026566304 0 0 0.05575728789 0 0.02027537674 
0.08702117205 0.2404964566 0 0 0.3594487309 0 0.1298163533 0.07080892473 0 0 0.07820491493 0 0.02640685439 0 0 0.3560301363 0 0.03250074387 0.02579930238 0 0 0.07820491493 0 0.02843815088 
0.08872418106 0.2470944226 0 0 0.3726125062 0 0.1405717432 0.076675497 0 0 0.1036070809 0 0.03498420864 0 0 0.366253525 0 0.04305748641 0.03180414438 0 0 0.1036070809 0 0.03767530248 
0.09028209746 0.2543694973 0 0 0.3858102262 0 0.1513761729 0.08256882429 0 0 0.1316160858 0 0.04444179684 0 0 0.3763441443 0 0.05469759181 0.03821733966 0 0 0.1316160858 0 0.04786039516 
0.09170136601 0.2622313201 0 0 0.3989841938 0 0.1621805429 0.08846212178 0 0 0.1618841738 0 0.05466219038 0 0 0.386272043 0 0.06727653742 0.04497601837 0 0 0.1618841738 0 0.05886697024 
0.09298846126 0.2705897391 0 0 0.4120770097 0 0.1729359329 0.09432869405 0 0 0.1940641105 0 0.06552813947 0 0 0.3960073888 0 0.08065001667 0.05201744288 0 0 0.1940641105 0 0.07056876272 
0.09414982796 0.2793543935 0 0 0.4250308871 0 0.1835931987 0.1001417488 0 0 0.227807954 0 0.07692216337 0 0 0.4055201709 0 0.09467343241 0.05927870795 0 0 0.227807954 0 0.08283925802 
0.09519194067 0.2884351015 0 0 0.4377884865 0 0.1941034645 0.1058746204 0 0 0.2627687156 0 0.08872710168 0 0 0.4147806168 0 0.1092025787 0.06669711322 0 0 0.2627687156 0 0.09555225819 
0.09612122923 0.2977414131 0 0 0.4502919018 0 0.2044174671 0.111500442 0 0 0.2985980213 0 0.1008253023 0 0 0.4237585962 0 0.1240926757 0.07420966774 0 0 0.2985980213 0 0.1085810959 
0.09694417566 0.3071831465 0 0 0.4624837339 0 0.214486286 0.1169925258 0 0 0.3349486887 0 0.1130995527 0 0 0.4324242771 0 0.1391994506 0.08175363392 0 0 0.3349486887 0 0.1217995211 
0.09766723216 0.3166701198 0 0 0.474306494 0 0.2242610008 0.122324191 0 0 0.3714735508 0 0.1254326254 0 0 0.4407478273 0 0.1543786079 0.0892662704 0 0 0.3714735508 0 0.1350812912 
0.09829685092 0.3261118531 0 0 0.4857023358 0 0.233692348 0.1274685562 0 0 0.4078242183 0 0.1377068758 0 0 0.4486991465 0 0.1694853753 0.09668459743 0 0 0.4078242183 0 0.148299709 
0.09883948416 0.3354181647 0 0 0.4966137707 0 0.2427314073 0.132398963 0 0 0.4436535239 0 0.1498050839 0 0 0.4562484324 0 0.1843754798 0.1039458588 0 0 0.4436535239 0 0.1613285393 
0.09930161387 0.3444988728 0 0 0.5069833994 0 0.2513292432 0.1370886862 0 0 0.4786142707 0 0.1616100073 0 0 0.4633657932 0 0.1989046186 0.1109873205 0 0 0.4786142707 0 0.1740415543 
0.09968966246 0.3532634974 0 0 0.5167533159 0 0.2594366074 0.141510874 0 0 0.512358129 0 0.1730040312 0 0 0.4700211883 0 0.2129280269 0.117746003 0 0 0.512358129 0 0.1863120347 
0.1000101194 0.3616218865 0 0 0.5258660913 0 0.2670045495 0.1456388533 0 0 0.5445378423 0 0.1838699281 0 0 0.4761847258 0 0.2263014317 0.1241591573 0 0 0.5445378423 0 0.1980137527 
0.1002694219 0.3694837987 0 0 0.5342642069 0 0.273984164 0.1494459063 0 0 0.574806273 0 0.194090426 0 0 0.4818266034 0 0.2388805151 0.1301640272 0 0 0.574806273 0 0.2090204507 
0.1004740372 0.3767588139 0 0 0.5418899059 0 0.2803262174 0.1529052109 0 0 0.6028150916 0 0.2035479546 0 0 0.4869167209 0 0.2505205572 0.1356976628 0 0 0.6028150916 0 0.2192054838 
0.1006304175 0.38335675 0 0 0.5486857295 0 0.2859817445 0.1559900492 0 0 0.6282171011 0 0.2121252567 0 0 0.491425246 0 0.2610772252 0.1406973153 0 0 0.6282171011 0 0.2284425795 
0.1007450223 0.3891873658 0 0 0.5545940995 0 0.2909017801 0.1586737186 0 0 0.6506649852 0 0.2197050601 0 0 0.4953222871 0 0.2704062164 0.1451001912 0 0 0.6506649852 0 0.2366054356 
0.1008243039 0.3941602707 0 0 0.5595572591 0 0.29503721 0.1609293818 0 0 0.6698105931 0 0.2261698097 0 0 0.4985778332 0 0.2783628404 0.1488433778 0 0 0.6698105931 0 0.2435674816 
0.1008747369 0.3981852233 0 0 0.5635178089 0 0.2983389795 0.162730366 0 0 0.6853067279 0 0.231402263 0 0 0.5011620522 0 0.2848027647 0.1518640965 0 0 0.6853067279 0 0.2492024302 
0.1009027585 0.4011719823 0 0 0.5664180517 0 0.3007581532 0.1640499085 0 0 0.6968057752 0 0.2352850735 0 0 0.5030449629 0 0.2895815969 0.1540995687 0 0 0.6968057752 0 0.2533839047 
0.1009148359 0.4030302465 0 0 0.568200469 0 0.3022455871 0.164861232 0 0 0.7039600611 0 0.2377007902 0 0 0.5041966438 0 0.2925547957 0.1554868966 0 0 0.7039600611 0 0.2559854686 
0.1009174287 0.4036697149 0 0 0.5688073635 0 0.3027522862 0.1651376188 0 0 0.7064220309 0 0.238532111 0 0 0.5045871735 0 0.2935779691 0.1559633017 0 0 0.7064220309 0 0.2568807304 
0.1009174287 0.4036697149 0 0 0.5688073635 0 0.3027522862 0.1651376188 0 0 0.7064220309 0 0.238532111 0 0 0.5045871735 0 0.2935779691 0.1559633017 0 0 0.7064220309 0 0.2568807304 
0.1009174287 0.4036697149 0 0 0.5688073635 0 0.3027522862 0.1651376188 0 0 0.7064220309 0 0.238532111 0 0 0.5045871735 0 0.2935779691 0.1559633017 0 0 0.7064220309 0 0.2568807304 
0.1009174287 0.4036697149 0 0 0.5688073635 0 0.3027522862 0.1651376188 0 0 0.7064220309 0 0.238532111 0 0 0.5045871735 0 0.2935779691 0.1559633017 0 0 0.7064220309 0 0.2568807304 
0.1009174287 0.4036697149 0 0 0.5688073635 0 0.3027522862 0.1651376188 0 0 0.7064220309 0 0.238532111 0 0 0.5045871735 0 0.2935779691 0.1559633017 0 0 0.7064220309 0 0.2568807304 
0.1009174287 0.4036697149 0 0 0.5688073635 0 0.3027522862 0.1651376188 0 0 0.7064220309 0 0.238532111 0 0 0.5045871735 0 0.2935779691 0.1559633017 0 0 0.7064220309 0 0.2568807304 
0.1009174287 0.4036697149 0 0 0.5688073635 0 0.3027522862 0.1651376188 0 0 0.7064220309 0 0.238532111 0 0 0.5045871735 0 0.2935779691 0.1559633017 0 0 0.7064220309 0 0.2568807304 
0.1009174287 0.4036697149 0 0 0.5688073635 0 0.3027522862 0.1651376188 0 0 0.7064220309 0 0.238532111 0 0 0.5045871735 0 0.2935779691 0.1559633017 0 0 0.7064220309 0 0.2568807304 
0.1009174287 0.4036697149 0 0 0.5688073635 0 0.3027522862 0.1651376188 0 0 0.7064220309 0 0.238532111 0 0 0.5045871735 0 0.2935779691 0.1559633017 0 0 0.7064220309 0 0.2568807304 
0.1009174287 0.4036697149 0 0 0.5688073635 0 0.3027522862 0.1651376188 0 0 0.7064220309 0 0.238532111 0 0 0.5045871735 0 0.2935779691 0.1559633017 0 0 0.7064220309 0 0.2568807304 
0.1009174287 0.4036697149 0 0 0.5688073635 0.001767295995 0.3073394895 0.1643014103 0 0 0.7064220309 0 0.238532111 0 0 0.5045871735 0.002131898422 0.2931134105 0.07798098028 0 0 0.7064220309 0 0.2568807304 
0.1009174287 0.4036697149 0 0 0.5688073635 0.006867129356 0.3119266033 0.1618883759 0 0 0.7064220309 0 0.238532111 0 0 0.5045871735 0.008283853531 0.2917728424 0 0 0 0.7064220309 0 0.2568807304 
0.1003108695 0.4058753848 0.003418802517 0.005073061679 0.5653885603 0.01499654353 0.310051769 0.1580418646 0.002536530839 0 0.7042714953 0 0.2400083393 0.004025364295 0.004356216174 0.5015543699 0.0180904083 0.2896358967 0 0.005789907183 0 0.7052640319 0 0.2583213747 
0.09856697917 0.4122168124 0.01324800868 0.01965833455 0.5555593371 0.02585271932 0.304661572 0.1529051661 0.009829167277 0 0.6980885863 0 0.2443343848 0.01559846103 0.01688052714 0.4928348958 0.0311862696 0.2867821455 0 0.02243614197 0 0.7019348145 0 0.2625431716 
0.09579952806 0.4222802818 0.02884636261 0.04280427843 0.5399609804 0.03913244978 0.29610762 0.1466217339 0.02140213922 0 0.6882767081 0 0.2513560951 0.03396426514 0.03675584868 0.4789976478 0.04720567539 0.2832913697 0 0.04885270819 0 0.6966514587 0 0.269395709 
0.0921222344 0.435652256 0.04957292229 0.0735598132 0.5192344189 0.05453288555 0.2847414613 0.1393348724 0.0367799066 0 0.6752390862 0 0.2609195113 0.05836811289 0.06316549331 0.4606111944 0.06578329951 0.2792431116 0 0.08395413309 0 0.6896312237 0 0.2787286639 
0.0876487717 0.4519193769 0.07478696853 0.1109742075 0.4940204024 0.07175127417 0.2709144056 0.1311878264 0.05548710376 0 0.6593785882 0 0.2728706896 0.08805562556 0.09529307485 0.4382438958 0.08655393869 0.2747169733 0 0.1266553402 0 0.681090951 0 0.2903918624 
0.08249297738 0.4706677198 0.1038469076 0.1540953964 0.4649604559 0.09048426896 0.2549782991 0.122324124 0.0770476982 0 0.6410989761 0 0.2870553136 0.1222713515 0.1323210597 0.4124649167 0.1091516465 0.2697927058 0 0.175869748 0 0.6712480783 0 0.3042347133 
0.0767685324 0.491483897 0.1361119747 0.2019725889 0.4326953888 0.1104290932 0.237284556 0.1128870472 0.1009862944 0 0.620803237 0 0.3033195138 0.1602608562 0.1734329909 0.3838426769 0.1332111806 0.2645498812 0 0.2305121869 0 0.6603195667 0 0.320107013 
0.07058909535 0.5139545798 0.1709415466 0.2536551952 0.3978658319 0.1312830299 0.2181844711 0.1030198038 0.1268275976 0 0.5988942981 0 0.3215094507 0.201269865 0.2178126127 0.3529454768 0.1583674103 0.2590680718 0 0.2894977629 0 0.6485224962 0 0.3378586173 
0.06406853348 0.5376657248 0.2076938003 0.3081907928 0.3611135483 0.1527426541 0.1980300099 0.09286598116 0.1540953964 0 0.5757759213 0 0.3414706588 0.2445426881 0.2646421194 0.32034266 0.1842542589 0.2534270585 0 0.351739496 0 0.6360741258 0 0.3573388159 
0.05732050538 0.5622040033 0.2457281202 0.3646288216 0.3230792582 0.1745052338 0.177172482 0.08256880939 0.1823144108 0 0.5518510938 0 0.3630492687 0.2893250287 0.3131051958 0.2866025567 0.2105065733 0.2477064133 0 0.4161524475 0 0.6231915355 0 0.3783974648 
0.05045867339 0.587156117 0.2844038904 0.422018677 0.2844034731 0.1962680519 0.1559631824 0.07227151841 0.2110093385 0 0.5275228024 0 0.3860915601 0.3348626494 0.3623856008 0.2522933781 0.2367591709 0.2419856936 0 0.4816517532 0 0.6100916862 0 0.4008845389 
0.04359692335 0.6121079326 0.3230792582 0.4794078767 0.2457281202 0.217727676 0.1347541213 0.06211769953 0.2397039384 0 0.5031947494 0 0.4104429185 0.3803997338 0.4116654694 0.2179846168 0.2626460195 0.2363446802 0 0.5471503139 0 0.5969919562 0 0.4246491194 
0.03684889898 0.6366462111 0.3611135483 0.5358458757 0.2076938003 0.2385813743 0.1138966009 0.05225057527 0.2679229379 0 0.4792699516 0 0.4359496236 0.4251820743 0.4601285458 0.1842444986 0.2878019512 0.2308629453 0 0.6115632653 0 0.5841093659 0 0.4495411813 
0.0303282626 0.6603575945 0.3978662193 0.5903820992 0.1709411293 0.2585264146 0.09374190867 0.04281338677 0.2951910496 0 0.4561513364 0 0.4624578655 0.4684553742 0.5069586039 0.1516413242 0.3118617535 0.2256200761 0 0.673805654 0 0.5716608763 0 0.4754106998 
0.02414889634 0.6828280687 0.4326953888 0.6420640945 0.1361119747 0.2772593796 0.07464203984 0.03394969925 0.3210320473 0 0.4342426658 0 0.4898130596 0.5094639063 0.5513376594 0.1207444891 0.3344594538 0.2206957936 0 0.7327905297 0 0.559863925 0 0.5021067262 
0.01842444949 0.7036442161 0.4649604559 0.689941287 0.1038469076 0.294477582 0.05694830045 0.02580275387 0.3449706435 0 0.4139468968 0 0.5178614259 0.5474534035 0.5924496055 0.09212225676 0.3552298248 0.2161697149 0 0.7874329686 0 0.5489354134 0 0.5294792056 
0.01326860022 0.7223927379 0.4940207005 0.733062923 0.0747866556 0.3098781705 0.04101203755 0.01851581223 0.3665314615 0 0.3956670761 0 0.546449244 0.5816695094 0.6294779778 0.06634300202 0.3738076687 0.2121214122 0 0.8366479278 0 0.5390924215 0 0.5573781729 
0.008795195259 0.7386596799 0.5192344189 0.7704768777 0.04957292229 0.3231578767 0.02718514949 0.01223239396 0.3852384388 0 0.3798068166 0 0.5754218698 0.6113566756 0.6616051793 0.04397597909 0.3898270428 0.2086306363 0 0.8793485761 0 0.530552268 0 0.5856526494 
0.005117902998 0.7520316839 0.5399609804 0.8012323976 0.02884636261 0.3340139091 0.01581897214 0.007095756941 0.4006161988 0 0.366769135 0 0.6046255231 0.6357604861 0.6880148053 0.02558951639 0.4029227197 0.2057769448 0 0.9144500494 0 0.523532033 0 0.6141526103 
0.002350426978 0.7620952129 0.555559516 0.8243786097 0.01324786153 0.3421434164 0.007264955901 0.00324921147 0.4121893048 0 0.3569571674 0 0.6339065433 0.6541264653 0.7078903317 0.01175213512 0.4127293825 0.2036399692 0 0.940866828 0 0.5182486176 0 0.6427280903 
0.0006065617199 0.7684365511 0.5653885603 0.8389636278 0.003418802517 0.3472431898 0.001874827198 0.0008361940272 0.4194818139 0 0.3507743776 0 0.6631102562 0.6656994224 0.7204144597 0.003032808658 0.4188812971 0.2022994161 0 0.9575127959 0 0.5149194598 0 0.6712280512 
0 0.770642221 0.5688073635 0.8440366983 0 0.3490104675 0 0 0.4220183492 0 0.348623842 0 0.6920828819 0.6697247624 0.7247706652 0 0.4210131466 0.2018348575 0 0.9633027315 0 0.5137614608 0 0.6995025277 
0 0.770642221 0.5688073635 0.8440366983 0 0.3490104675 0 0 0.4220183492 0 0.348623842 0 0.7206707001 0.6697247624 0.7247706652 0 0.4210131466 0.2018348575 0 0.9633027315 0 0.5137614608 0 0.727401495 
0 0.770642221 0.5688073635 0.8440366983 0 0.3490104675 0 0 0.4220183492 0 0.348623842 0 0.7487190366 0.6697247624 0.7247706652 0 0.4210131466 0.2018348575 0 0.9633027315 0 0.5137614608 0 0.754774034 
0 0.770642221 0.5688073635 0.8440366983 0 0.3490104675 0 0 0.4220183492 0 0.348623842 0 0.7760742307 0.6697247624 0.7247706652 0 0.4210131466 0.2018348575 0 0.9633027315 0 0.5137614608 0 0.7814700603 
0 0.770642221 0.5688073635 0.8440366983 0 0.3490104675 0 0 0.4220183492 0 0.348623842 0 0.8025825024 0.6697247624 0.7247706652 0 0.4210131466 0.2018348575 0 0.9633027315 0 0.5137614608 0 0.8073395491 
0 0.770642221 0.5688073635 0.8440366983 0 0.3490104675 0 0 0.4220183492 0 0.348623842 0 0.8280891776 0.6697247624 0.7247706652 0 0.4210131466 0.2018348575 0 0.9633027315 0 0.5137614608 0 0.8322315812 
0 0.770642221 0.5688073635 0.8440366983 0 0.3490104675 0 0 0.4220183492 0 0.348623842 0 0.852440536 0.6697247624 0.7247706652 0 0.4210131466 0.2018348575 0 0.9633027315 0 0.5137614608 0 0.8559961915 
0 0.770642221 0.5688073635 0.8440366983 0 0.3490104675 0 0 0.4220183492 0 0.348623842 0 0.8754828572 0.6697247624 0.7247706652 0 0.4210131466 0.2018348575 0 0.9633027315 0 0.5137614608 0 0.8784832358 
0 0.770642221 0.5688073635 0.8440366983 0 0.3490104675 0 0 0.4220183492 0 0.348623842 0 0.8970614672 0.6697247624 0.7247706652 0 0.4210131466 0.2018348575 0 0.9633027315 0 0.5137614608 0 0.8995419145 
0 0.770642221 0.5688073635 0.8440366983 0 0.3490104675 0 0 0.4220183492 0 0.348623842 0 0.9170226455 0.6697247624 0.7247706652 0 0.4210131466 0.2018348575 0 0.9633027315 0 0.5137614608 0 0.9190221429 
0 0.770642221 0.5688073635 0.8440366983 0 0.3490104675 0 0 0.4220183492 0 0.348623842 0 0.9352126122 0.6697247624 0.7247706652 0 0.4210131466 0.2018348575 0 0.9633027315 0 0.5137614608 0 0.9367737174 
0 0.770642221 0.5688073635 0.8440366983 0 0.3490104675 0 0 0.4220183492 0 0.348623842 0 0.9514768124 0.6697247624 0.7247706652 0 0.4210131466 0.2018348575 0 0.9633027315 0 0.5137614608 0 0.9526460171 
0 0.770642221 0.5688073635 0.8440366983 0 0.3490104675 0 0 0.4220183492 0 0.348623842 0 0.9656614065 0.6697247624 0.7247706652 0 0.4210131466 0.2018348575 0 0.9633027315 0 0.5137614608 0 0.9664888382 
0.01576851122 0.8064797521 0.5209693909 0.7634329796 0.01082046516 0.3585002422 0 0 0.3931845129 0 0.3219982982 0 0.9776126146 0.6059544683 0.6538738012 0.008894957602 0.4294533134 0.1702978313 0 0.8672581911 0 0.4589435756 0 0.9781520367 
0.05045871437 0.8853211403 0.4076016247 0.5740498304 0.04096712917 0.385071218 0 0 0.3237221837 0 0.2623325884 0 0.9871760011 0.4560943842 0.4875492156 0.03368987143 0.4530853927 0.1009174287 0 0.6422019005 0 0.3370009363 0 0.9874849916 
0.08514891565 0.9641624689 0.2739195228 0.3545228839 0.08696867526 0.425876528 0 0 0.2391879261 0 0.1999409944 0 0.9941977262 0.2823158503 0.2953402102 0.07155044377 0.489377439 0.03153702244 0 0.3827422857 0 0.2116954625 0 0.9943375587 
0.1009174287 1 0.1651376188 0.1834862381 0.1453545243 0.4780699909 0 0 0.1651376188 0 0.1651376188 0 0.9985237718 0.1467889845 0.1467889845 0.1196429729 0.5357980132 0 0 0.1834862381 0 0.1467889845 0 0.9985593557 
0.1002527177 0.9994395375 0.08620972931 0.08232646435 0.2126519978 0.5388034582 0 0 0.09552965313 0 0.1554250121 0 1 0.06621067226 0.06271569431 0.1751320511 0.5898141265 0 0 0.07475402951 0 0.1347009242 0 1 
0.09834574908 0.9978251457 0.02475645393 0.0207760334 0.285390377 0.6052307487 0 0 0.02941646986 0 0.1478817165 0 1 0.01679557748 0.01504807081 0.2351838499 0.6488941908 0 0 0.01698977128 0 0.1251154393 0 1 
0.09532725066 0.9952573776 0 0 0.3600991666 0.674505651 0 0 0 0 0.1421883851 0 1 0 0 0.2969648242 0.710506916 0 0 0 0 0.1176964864 0 1 
0.09132805467 0.9918367267 0 0 0.4333053827 0.7437797189 0 0 0 0 0.1380259246 0 1 0 0 0.3576391637 0.7721189857 0 0 0 0 0.1121082082 0 1 
0.08647889644 0.9876638651 0 0 0.5015385151 0.8102069497 0 0 0 0 0.1350749582 0 1 0 0 0.414373368 0.8311990499 0 0 0 0 0.1080145165 0 1 
0.08091047406 0.9828391671 0 0 0.5613278747 0.8709411025 0 0 0 0 0.1330162436 0 1 0 0 0.4643335938 0.8852156997 0 0 0 0 0.1050793976 0 1 
0.07475367188 0.9774633646 0 0 0.6092007756 0.9231339097 0 0 0 0 0.1315305531 0 1 0 0 0.5046843886 0.9316356778 0 0 0 0 0.1029669046 0 1 
0.06813920289 0.9716368914 0 0 0.6416866779 0.9639392495 0 0 0 0 0.1302985847 0 1 0 0 0.5325920582 0.9679277539 0 0 0 0 0.1013410091 0 1 
0.06119774282 0.9654602408 0 0 0.6553141475 0.9905104041 0 0 0 0 0.1290010661 0 1 0 0 0.5452224016 0.9915600419 0 0 0 0 0.09986569732 0 1 
0.05406021327 0.9590340257 0 0 0.6580870152 1 0 0 0 0 0.1273187846 0 1 0 0 0.5489123464 1 0 0 0 0 0.09820500016 0 1 
0.04685730115 0.9524588585 0 0 0.6603572965 1 0 0 0 0 0.124932453 0 1 0 0 0.5519333482 1 0 0 0 0 0.09602290392 0 1 
0.03971968591 0.9458351135 0 0 0.6621751785 1 0 0 0 0 0.1215227693 0 1 0 0 0.5543524623 1 0 0 0 0 0.09298336506 0 1 
0.03277830407 0.9392086864 0 0 0.6635909081 1 0 0 0 0 0.1173444986 0 1 0 0 0.5562363863 1 0 0 0 0 0.08932175487 0 1 
0.02616382763 0.9323400259 0 0 0.664654851 1 0 0 0 0 0.1128858477 0 1 0 0 0.5576521754 1 0 0 0 0 0.08551079035 0 1 
0.02000695467 0.9249017239 0 0 0.6654171944 1 0 0 0 0 0.1081778258 0 1 0 0 0.5586666465 1 0 0 0 0 0.08157064766 0 1 
0.0144385891 0.9165666699 0 0 0.665928185 1 0 0 0 0 0.1032515839 0 1 0 0 0.5593466163 1 0 0 0 0 0.07752162218 0 1 
0.009589423425 0.9070074558 0 0 0.6662381291 1 0 0 0 0 0.09813813865 0 1 0 0 0.5597590804 1 0 0 0 0 0.07338387519 0 1 
0.005590178072 0.8958966136 0 0 0.6663973331 1 0 0 0 0 0.09286848456 0 1 0 0 0.5599709153 1 0 0 0 0 0.06917756051 0 1 
0.002571709454 0.8829071522 0 0 0.6664559245 1 0 0 0 0 0.08747379482 0 0.9259264469 0 0 0.5600489378 1 0 0 0 0 0.06492298096 0 0.9259264469 
0.0006647290429 0.867711544 0 0 0.6664643288 1 0 0 0 0 0.08198506385 0 0.740742445 0 0 0.5600600839 1 0 0 0 0 0.06064030528 0 0.740742445 
0 0.7981651425 0 0 0.5623282194 0.8437483907 0 0 0 0 0.07643328607 0 0.5 0 0 0.4725497961 0.8437483907 0 0 0 0 0.05634968728 0 0.5 
0.001006496022 0.7949890494 0 0 0.3332321644 0.5 0 0 0 0.259257555 0.07084964961 0 0.259260118 0 0 0.2800300419 0.5 0 0 0 0.259257555 0.05207142979 0 0.259260118 
0.003861658741 0.7927811742 0 0 0.1041361243 0.1562516093 0 0 0 0.7407373786 0.06526514888 0 0.07407513261 0 0 0.08751028776 0.1562516093 0 0 0 0.7407373786 0.04782569781 0 0.07407513261 
0.008319060318 0.7913655043 0 0 0 0 0 0 0 1 0.05971076712 0 0 0 0 0 0 0 0 0 1 0.04363264516 0 0 
0.01413210761 0.7905659676 0 0 0 0 0 0 0 0.9999540448 0.05421769619 0 0 0 0 0 0 0 0 0 0.9999540448 0.03951257467 0 0 
0.02105435543 0.7902065516 0 0 0 0 0 0 0 0.9996324182 0.04881692678 0 0 0 0 0 0 0 0 0 0.9996324182 0.03548565134 0 0 
0.02883940935 0.7901111841 0 0 0 0 0 0 0 0.9987594485 0.04353945702 0 0 0 0 0 0 0 0 0 0.9987594485 0.03157203272 0 0 
0.03724060208 0.7901038527 0 0 0 0 0 0 0 0.9970594049 0.03841646388 0 0 0 0 0 0 0 0 0 0.9970594049 0.02779201977 0 0 
0.04601162672 0.7900084853 0 0 0 0 0 0 0 0.9942566752 0.03347888589 0 0 0 0 0 0 0 0 0 0.9942566752 0.02416573279 0 0 
0.0549056977 0.7896490693 0 0 0 0 0 0 0 0.9900755882 0.02875794657 0 0 0 0 0 0 0 0 0 0.9900755882 0.02071349695 0 0 
0.0636767298 0.7888495326 0 0 0 0 0 0 0 0.9842403531 0.02428448759 0 0 0 0 0 0 0 0 0 0.9842403531 0.01745536737 0 0 
0.07207801938 0.7874338627 0 0 0 0 0 0 0 0.976475358 0.02008967474 0 0 0 0 0 0 0 0 0 0.976475358 0.01441163011 0 0 
0.07986290753 0.7852259874 0 0 0 0 0 0 0 0.9665051103 0.01620465331 0 0 0 0 0 0 0 0 0 0.9665051103 0.0116025554 0 0 
0.08678524941 0.7820498943 0 0 0 0 0 0 0 0.887157619 0.01266030036 0 0 0 0 0 0 0 0 0 0.887157619 0.009048221633 0 0 
0.09259837121 0.7455983162 0 0 0 0 0 0 0 0.706001997 0.009487767704 0 0 0 0 0 0 0 0 0 0.706001997 0.006768905092 0 0 
0.0970556885 0.6556714177 0 0 0 0 0 0 0 0.4748788178 0.006718169898 0 0 0 0 0 0 0 0 0 0.4748788178 0.004784854595 0 0 
0.09991090745 0.5302459002 0 0 0 0 0 0 0 0.2456115782 0.004382438026 0 0 0 0 0 0 0 0 0 0.2456115782 0.003116187407 0 0 
0.1009174287 0.3873043656 0 0 0 0 0 0 0 0.07004027069 0.002511697588 0 0 0 0 0 0 0 0 0 0.07004027069 0.00178316026 0 0 
0.09042228013 0.2448309958 0 0 0 0 0 0 0 0 0.001137031591 0 0 0 0 0 0 0 0 0 0 0.0008059994434 0 0 
0.06539462507 0.1208000779 0 0 0 0 0 0 0 0 0.0002894341596 0 0 0 0 0 0 0 0 0 0 0.0002048678725 0 0 
0.03552280366 0.03319604322 0 0 0 0 0 0 0 0 0 0 0 0 0 0 0 0 0 0 0 0 0 0 
0.01049559005 0 0 0 0 0 0 0 0 0 0 0 0 0 0 0 0 0 0 0 0 0 0 0 
0 0 0 0 0 0 0 0 0 0 0 0 0 0 0 0 0 0 0 0 0 0 0 0 
0 0 0 0 0 0 0 0 0 0 0 0 0 0 0 0 0 0 0 0 0 0 0 0 
0 0 0 0 0 0 0 0 0 0 0 0 0 0 0 0 0 0 0 0 0 0 0 0 
0 0 0 0 0 0 0 0 0 0 0 0 0 0 0 0 0 0 0 0 0 0 0 0 
0 0 0 0 0 0 0 0 0 0 0 0 0 0 0 0 0 0 0 0 0 0 0 0 
0 0 0 0 0 0 0 0 0 0 0 0 0 0 0 0 0 0 0 0 0 0 0 0 
0 0 0 0 0 0 0 0 0 0 0 0 0 0 0 0 0 0 0 0 0 0 0 0 
0 0 0 0 0 0 0 0 0 0 0 0 0 0 0 0 0 0 0 0 0 0 0 0 
0 0 0 0 0 0 0 0 0 0 0 0 0 0 0 0 0 0 0 0 0 0 0 0 
0 0 0 0 0 0 0 0 0 0 0 0 0 0 0 0 0 0 0 0 0 0 0 0 
0 0 0 0 0 0 0 0 0 0 0 0 0 0 0 0 0 0 0 0 0 0 0 0 
0 0 0 0 0 0 0 0 0 0 0 0 0 0 0 0 0 0 0 0 0 0 0 0 
0 0 0 0 0 0 0 0 0 0 0 0 0 0 0 0 0 0 0 0 0 0 0 0 
0 0 0 0 0 0 0 0 0 0 0 0 0 0 0 0 0 0 0 0 0 0 0 0 
0 0 0.1834862381 0 0 1 0 0 0 0 0 0 0 0.1834862381 0 0 1 0 0 0 0 0 0 0 
0 0 0 0 0 0 0 0 0 0 0 0 0 0 0 0 0 0 0 0 0 0 0 0 
0 0 0 0 0 0 0 0 0 0 0 0 0 0 0 0 0 0 0 0 0 0 0 0 
0 0 0 0 0 0 0 0 0 0 0 0 0 0 0 0 0 0 0 0 0 0 0 0 
0 0 0 0 0 0 0 0 0 0 0 0 0 0 0 0 0 0 0 0 0 0 0 0 
0 0 0 0 0 0 0 0 0 0 0 0 0 0 0 0 0 0 0 0 0 0 0 0 
0 0 0 0 0 0 0 0 0 0 0 0 0 0 0 0 0 0 0 0 0 0 0 0 
0 0 0 0 0 0 0 0 0 0 0 0 0 0 0 0 0 0 0 0 0 0 0 0 
0 0 0 0 0 0 0 0 0 0 0 0 0 0 0 0 0 0 0 0 0 0 0 0 
0 0 0 0 0 0 0 0 0 0 0 0 0 0 0 0 0 0 0 0 0 0 0 0 
0 0 0 0 0 0 0 0 0 0 0 0 0 0 0 0 0 0 0 0 0 0 0 0 
0 0 0 0 0 0 0 0 0 0 0 0 0 0 0 0 0 0 0 0 0 0 0 0 
0 0 0 0 0 0 0 0 0 0 0 0 0 0 0 0 0 0 0 0 0 0 0 0 
0 0 0 0 0 0 0 0 0 0 0 0 0 0 0 0 0 0 0 0 0 0 0 0 
0 0 0 0 0 0 0 0 0 0 0 0 0 0 0 0 0 0 0 0 0 0 0 0 
0 0 0 0 0 0 0 0 0 0 0 0 0 0 0 0 0 0 0 0 0 0 0 0 
0 0 0 0 0 0 0 0 0 0 0 0 0 0 0 0 0 0 0 0 0 0 0 0 
0 0 0 0 0 0 0 0 0 0 0 0 0 0 0 0 0 0 0 0 0 0 0 0 
0 0 0 0 0 0 0 0 0 0 0 0 0 0 0 0 0 0 0 0 0 0 0 0 
0 0 0 0 0 0 0 0 0 0 0 0 0 0 0 0 0 0 0 0 0 0 0 0 
0 0 0 0 0 0 0 0 0 0 0 0 0 0 0 0 0 0 0 0 0 0 0 0 
0 0 0 0 0 0 0 0 0 0 0 0 0 0 0 0 0 0 0 0 0 0 0 0 
0 0 0 0 0 0 0 0 0 0 0 0 0 0 0 0 0 0 0 0 0 0 0 0 
0 0 0 0 0 0 0 0 0 0 0 0 0 0 0 0 0 0 0 0 0 0 0 0 
0 0 0 0 0 0 0 0 0 0 0 0 0 0 0 0 0 0 0 0 0 0 0 0 
0 0 0 0 0 0 0 0 0 0 0 0 0 0 0 0 0 0 0 0 0 0 0 0 
0 0 0 0 0 0 0 0 0 0 0 0 0 0 0 0 0 0 0 0 0 0 0 0 
0 0 0 0 0 0 0 0 0 0 0 0 0 0 0 0 0 0 0 0 0 0 0 0 
0 0 0 0 0 0 0 0 0 0 0 0 0 0 0 0 0 0 0 0 0 0 0 0 